Id,Id2,Geography,Estimate; Total:, United Kingdom ,England,France,Scotland, Ireland,Denmark,Norway, Sweden,Estimate; Europe: - Western Europe:, Austria, Belgium, Germany, Netherlands,Switzerland,Greece,Italy, Portugal,Azores Islands, Spain,Albania, Belarus,Bulgaria,Croatia,Czechoslovakia (includes Czech Republic and Slovakia),Hungary,Latvia,Lithuania, Macedonia, Moldova, Poland, Romania,Russia,Ukraine,Bosnia and Herzegovina,Serbia,China,Hong Kong,Taiwan,Japan,Korea,Afghanistan, Bangladesh, India,Iran, Kazakhstan,Nepal,Pakistan, Sri Lanka, Uzbekistan, Cambodia, Indonesia, Laos, Malaysia,Burma, Philippines,Singapore, Thailand,Vietnam, Iraq,Israel,Jordan,Kuwait, Lebanon,Saudi Arabia, Syria,Yemen,Turkey,Armenia, Eritrea,Ethiopia,Kenya,Somalia,Cameroon,Egypt,Morocco,Sudan,South Africa, Cabo Verde, Ghana, Liberia,Nigeria,Sierra Leone,Africa, Australia,New Zealand,Fiji,Caribbean,Bahamas,Barbados,Cuba, Dominica, Dominican Republic, Grenada, Haiti, Jamaica,St. Vincent and the Grenadines, West Indies,Mexico,Belize, Costa Rica, El Salvador, Guatemala,Honduras, Nicaragua,Panama, Argentina,Bolivia, Brazil,Chile,Colombia,Ecuador, Guyana,Peru, Uruguay,Venezuela,Canada
,,,,,,,,,,,,,,,,,,,,,,,,,,,,,,,,,,,,,,,,,,,,,,,,,,,,,,,,,,,,,,,,,,,,,,,,,,,,,,,,,,,,,,,,,,,,,,,,,,,,,,,,,,,,,,,,,,,,,,,
0400000US01,1,Alabama,167224,3941,2310,534,393,228,49,54,122,8670,231,265,7103,482,50,312,472,86,0,412,39,26,127,47,239,259,56,38,14,89,373,438,1255,497,87,88,8688,303,885,1540,8761,36,674,8759,790,174,633,1332,236,22,504,659,1038,346,22,4878,89,1336,5784,157,179,346,68,517,798,150,311,394,0,16,349,1299,0,176,543,178,191,582,18,360,328,1155,20,622,358,483,72,6055,397,126,1592,48,474,81,791,1641,142,48,57765,97,225,2180,11041,2488,827,1281,205,140,865,295,1503,412,422,722,73,658,3117
0400000US02,2,Alaska,54047,847,454,138,115,130,98,165,120,2228,149,21,1647,79,184,76,142,3,0,86,87,90,131,0,99,91,29,19,490,121,377,242,1523,1188,92,99,1621,138,205,806,3953,0,297,678,90,44,131,70,36,126,88,69,1462,76,5,16327,12,2138,961,2,8,38,25,60,0,14,14,112,14,4,161,3,459,42,26,2,232,108,0,85,3,283,0,262,182,289,0,1834,0,0,110,106,1071,3,166,134,1,41,4011,43,113,518,248,263,173,240,115,34,158,178,732,118,14,221,31,36,2618
0400000US04,4,Arizona,896004,16405,8731,3119,1414,1828,594,515,1034,23595,829,576,15965,2119,896,1397,4229,658,46,1525,487,262,1184,1068,1351,1566,234,325,237,182,5512,5397,3943,2066,4311,1416,24514,2608,3668,5232,11775,1025,1677,30122,6204,505,870,1653,477,994,1532,1230,1618,1261,2162,27340,1055,4455,19487,9835,1832,1674,997,1742,1401,1183,95,957,169,1040,2157,1620,1513,730,1706,656,1593,2099,14,758,1158,1783,190,2245,1650,2468,147,11505,156,149,5673,43,1379,31,1131,1401,124,124,515322,417,732,8565,11511,3802,1285,1085,1729,604,2281,1374,4859,1525,662,3571,506,1193,42059
0400000US05,5,Arkansas,138822,2545,1121,536,242,144,156,51,57,3655,107,98,2734,150,15,47,280,94,8,248,21,0,391,6,144,60,11,15,9,8,328,379,637,350,63,81,4850,83,800,930,1598,0,490,7691,404,40,107,990,154,143,220,308,2661,326,147,3436,51,909,4119,286,119,182,69,88,316,389,208,288,7,0,172,115,0,187,184,212,0,383,0,152,15,388,0,35,322,414,27,1193,13,27,399,12,318,13,116,167,33,15,63512,90,322,11185,4058,2195,512,271,315,699,372,108,1038,424,0,843,30,239,2378
0400000US06,6,California,10389990,126551,62949,35302,10563,18648,7022,4930,11979,158437,7910,5228,81598,18632,9290,12562,30609,26860,5595,15173,1243,7327,8655,4928,10221,11876,2894,3633,537,7714,20357,25903,64111,55650,4904,4049,817915,98785,170090,106765,333532,27117,13513,419988,200915,4181,9732,43295,11492,5695,60416,39167,57426,14956,24774,837225,9743,69348,503899,43372,31654,13304,4643,31589,10883,23032,6815,16060,70793,5613,21680,10445,3529,2310,35082,6153,2119,17291,309,5650,2287,21723,1901,8762,19385,27074,32726,71499,463,1148,34080,425,5781,469,4249,14003,481,949,4252744,17811,12206,424963,273144,61791,66751,9727,33503,8885,34312,15964,41220,24497,3581,73266,2748,9823,131677
0400000US08,8,Colorado,515772,13293,6251,2408,1163,936,434,368,1042,23519,1173,360,16659,1780,1127,816,1761,298,10,1388,227,1157,1284,296,2231,1063,451,719,50,580,3832,1726,7223,3656,1513,227,19296,1030,2545,4175,16077,1139,386,17271,2833,467,3528,1218,182,1028,1559,1673,2633,780,1403,9435,340,3597,16799,1463,985,516,413,696,1918,456,115,831,541,1438,7708,1399,1715,252,969,885,1725,2581,0,2721,443,2046,181,1467,2050,2862,66,6356,102,117,1474,40,715,0,641,2018,68,382,231442,202,670,7874,6132,4660,1029,967,2170,544,2271,1159,3921,732,137,4806,189,2101,14139
0400000US09,9,Connecticut,500147,14571,6879,2984,1470,3899,529,485,1020,16076,803,898,9167,1413,767,4402,18881,11253,142,1584,4375,1091,541,628,1526,1875,375,751,841,187,26561,2801,5209,4531,2961,564,24172,1822,2395,3122,7717,990,4524,35895,1509,152,1324,5522,691,497,2444,413,2421,532,500,10586,514,1515,6132,836,1280,478,161,1076,1805,591,195,2022,45,79,532,521,222,160,1767,1305,332,1600,1058,3647,598,2625,190,1955,1098,1368,0,75910,184,765,3226,1128,17255,404,12080,35641,291,766,26770,108,1938,5442,14472,6234,1344,639,3598,387,14663,1421,15235,19137,3752,15867,851,2233,14921
0400000US10,10,Delaware,80163,2230,1022,338,392,506,24,27,105,2655,146,81,1733,259,98,437,1182,129,0,417,30,155,209,82,172,36,21,145,0,4,594,242,391,261,62,85,5562,69,764,359,2106,133,313,10031,499,26,295,1378,57,9,85,124,134,192,9,2596,39,151,1326,177,167,78,17,127,122,1,9,537,38,68,144,1646,0,461,696,201,0,201,18,993,1004,1076,260,1139,47,61,0,7802,83,97,664,190,1338,27,2362,2035,29,14,15094,87,79,571,4336,564,167,309,277,5,494,192,954,213,858,429,55,161,1085
0400000US11,11,District of Columbia,91588,2849,891,2195,70,491,121,95,381,5285,266,372,1884,240,291,191,1253,104,0,1447,132,101,428,142,166,170,115,90,28,74,372,356,1298,407,112,155,4121,306,577,861,1276,54,320,2578,702,21,200,388,156,82,84,134,17,84,127,2143,243,511,1283,76,346,69,171,235,208,149,50,387,104,604,5696,374,135,1126,403,321,125,389,0,565,177,1794,363,711,746,877,13,8466,173,82,648,9,2252,230,577,2499,27,168,3019,61,296,13165,3213,1532,498,405,787,574,1547,457,1816,454,947,1383,248,510,1938
0400000US12,12,Florida,3875498,76257,37991,16561,7220,8479,2383,2634,4474,89475,3750,3443,54566,7514,3268,10323,30473,9117,564,18133,4970,1626,4725,2959,7670,9467,1359,2304,950,1805,22251,11296,20593,12769,9152,2602,55114,4802,7342,10553,21125,1130,7708,73628,9660,1411,912,13273,1412,1460,4020,2848,4316,2450,3035,78063,1120,12124,50890,3523,13152,3725,1777,7166,3449,3636,52,9049,537,753,2330,2805,390,529,10518,8074,1089,10162,980,2348,1074,8038,237,3408,4056,5666,168,1603587,19257,5809,890117,6393,112287,2770,297639,206174,2191,5098,270617,4513,17284,40682,72100,86518,105321,21556,46172,8127,67823,18891,241984,47298,32329,90085,13722,105847,110488
0400000US13,13,Georgia,981471,18036,8659,3611,1149,1335,901,347,988,24750,942,1164,16576,1880,539,1049,2403,885,14,1549,707,523,1892,638,1401,929,560,508,176,1289,2468,5788,7698,5056,4642,275,37434,1594,6298,6149,41965,1862,5572,72647,6201,433,2237,8958,1031,781,3587,2762,4572,1670,4504,15516,493,5165,36603,2110,1860,942,382,1987,1023,1373,132,2275,257,1597,12378,6648,2658,2040,1839,998,1384,4660,230,7137,3580,18382,1230,6970,1547,1967,343,91452,2010,1815,11918,1047,9214,719,15522,37300,499,1366,269787,782,2230,25019,29414,18391,4123,5194,2819,308,9380,2074,20828,3382,7131,7955,1711,5186,17281
0400000US15,15,Hawaii,249319,2021,894,956,129,173,230,126,401,4699,170,77,2946,251,299,60,369,269,0,192,15,22,267,74,454,222,90,21,0,51,385,227,556,155,165,85,25006,3565,3083,23146,16480,5,112,1256,444,81,226,112,163,52,453,846,1629,347,264,113175,516,1939,9506,45,152,0,48,70,76,57,0,55,9,0,69,93,23,21,163,2,22,408,0,144,52,170,0,15,757,1706,353,1480,58,20,164,0,244,25,204,492,26,43,5235,42,102,321,239,205,271,146,460,26,1307,146,558,86,148,359,40,147,4190
0400000US16,16,Idaho,97888,2156,1256,494,180,60,85,103,180,3955,108,112,2588,534,119,44,251,212,22,531,119,48,56,218,193,78,24,54,0,62,231,908,740,881,1665,24,3560,188,558,812,1489,261,31,1650,313,40,237,37,3,315,35,287,704,170,475,2347,746,729,1171,466,35,0,596,40,721,33,32,9,0,35,203,22,19,22,67,124,76,194,0,125,120,467,40,133,352,432,56,446,0,0,94,0,117,14,105,47,0,0,52281,29,100,1117,823,186,78,47,199,91,362,153,487,144,14,1068,62,125,5440
0400000US17,17,Illinois,1803687,19568,8832,4907,1920,8493,777,753,997,36249,2769,1151,23925,2306,1095,14056,20623,420,0,2676,5777,4502,10516,3475,5361,2327,1471,11694,3455,1849,137392,14448,16651,23529,10681,6825,84148,6074,9727,10163,45653,484,4050,142818,7705,1222,2198,25525,926,1586,2776,1761,3599,1890,4411,89000,1213,6969,19043,14043,4907,8270,1207,2851,2917,5922,1524,4030,300,619,3928,1789,930,802,4556,2460,1086,2512,0,6447,949,14641,107,5270,2560,3283,224,28625,440,297,9127,290,3588,31,5242,7543,6,402,691373,3573,1070,8702,24467,9493,1654,1538,4145,1830,5380,2005,13556,18460,829,7524,582,2457,18664
0400000US18,18,Indiana,316368,6966,3785,974,889,681,207,304,352,10488,353,360,7510,1052,191,1975,1486,178,54,714,162,208,601,926,691,550,388,365,2004,142,2128,857,2378,2285,1795,844,23602,810,2014,4264,7707,219,724,24468,1140,204,549,3163,300,184,620,926,440,1154,7658,9245,220,2556,5374,571,674,794,378,674,1883,725,267,857,5,334,1540,1748,298,252,1392,340,310,892,16,1073,566,3479,215,1544,766,1174,52,7140,136,123,1420,43,1379,18,1061,1498,70,265,107882,257,182,7154,6039,5048,1415,553,795,442,1911,516,1107,905,161,1517,164,1500,7029
0400000US19,19,Iowa,146367,2141,1076,449,268,230,283,218,239,4781,223,31,3302,669,82,157,421,46,9,377,79,115,214,359,166,79,208,53,142,26,507,434,1499,620,6571,312,9615,260,702,1031,5463,59,314,9919,399,77,686,759,171,0,409,340,3611,900,2393,3302,87,1795,6343,1166,223,49,64,259,482,146,3,278,70,196,817,1018,688,118,448,334,2220,273,0,288,1293,604,59,1261,436,533,27,1461,47,31,298,0,196,0,455,237,0,0,42183,64,126,3864,4184,1149,396,287,301,97,585,295,760,675,101,370,57,234,3291
0400000US20,20,Kansas,200273,3076,1514,623,151,182,115,110,120,5453,125,130,4148,339,70,184,419,238,33,331,140,56,336,181,221,150,61,0,42,74,307,567,1209,865,206,20,9822,434,1328,1576,3737,161,987,10653,1384,95,699,1107,549,81,940,449,2999,647,1932,4758,83,2070,11278,745,198,371,228,473,1075,237,23,461,13,195,1220,2940,1124,52,633,258,221,634,0,260,110,1430,88,404,430,536,92,2690,44,12,1109,16,457,24,191,540,11,35,88030,31,375,4332,4545,2303,321,457,290,314,913,414,1479,1019,184,723,67,427,2800
0400000US21,21,Kentucky,151032,3390,1866,585,308,411,87,135,235,6417,126,118,5137,318,133,440,530,95,26,282,308,77,417,89,192,146,110,68,8,234,407,438,1718,1002,3264,167,7660,219,751,3609,3566,155,394,9613,1346,194,1058,848,222,167,980,283,554,202,2042,4689,42,1692,3613,2205,225,470,99,208,1956,356,0,407,40,60,910,1050,1709,258,402,533,243,552,0,551,773,650,24,1425,252,397,42,12637,182,85,8912,62,1127,47,595,561,18,26,33218,46,177,1864,5611,1514,320,550,368,42,513,196,1425,507,187,1129,20,732,3727
0400000US22,22,Louisiana,184836,3809,1982,1297,408,313,83,180,81,5633,148,137,3514,356,181,455,781,209,0,565,18,35,276,302,171,159,24,33,32,66,682,524,1048,404,279,18,8620,293,1061,1181,2760,71,456,7360,1122,72,527,1461,499,73,290,627,837,418,432,5726,210,1103,20295,495,470,918,322,427,807,220,678,448,14,16,498,475,23,192,852,145,118,594,0,285,65,1067,98,572,210,333,60,13544,125,169,5544,302,3976,38,1393,841,0,94,31366,362,371,4954,5961,26393,5196,759,480,233,1997,382,2086,750,384,1086,126,1395,2811
0400000US23,23,Maine,46563,3057,1763,460,280,416,84,76,253,2977,143,61,1876,327,97,295,354,181,46,222,129,69,140,35,164,43,71,75,0,11,367,187,707,421,287,24,2221,50,142,400,849,280,45,1540,300,193,26,161,62,18,740,29,34,79,299,1979,25,507,1686,1270,92,88,24,75,56,65,9,211,13,36,230,486,1251,32,87,225,644,103,0,96,0,136,13,308,271,371,4,1597,0,0,257,15,263,4,205,695,32,16,942,0,41,451,367,78,53,24,110,10,317,92,239,86,26,173,0,171,10911
0400000US24,24,Maryland,857804,13474,6172,4490,932,1413,666,247,678,20227,731,960,12164,1183,699,4394,4470,1681,25,2177,691,1517,1232,574,1723,1278,717,762,113,397,3949,2204,10400,6470,490,694,53559,3465,9454,5141,37266,1284,5019,55793,11504,792,5621,15454,2827,1317,1344,2428,678,1341,3863,38270,592,3468,19135,1157,2872,789,601,1759,1149,987,57,3098,547,2299,19694,4866,715,13572,2552,2047,1164,1990,40,13232,6574,29567,8403,6502,1456,2012,58,67014,620,1393,3690,675,10064,1506,7978,24610,634,1086,38589,485,2053,102033,31363,21171,5516,2996,3654,7203,8689,3712,11010,4562,8472,15869,1278,2620,9321
0400000US25,25,Massachusetts,1038127,23259,9960,6549,2117,15083,750,520,1807,25918,1339,1147,13013,2508,1296,11494,19253,55966,13756,3430,9574,2495,2769,352,1271,1409,1031,1651,245,2891,11236,3024,19418,9474,1900,981,96709,7756,8062,7534,18743,621,2918,57691,5371,746,5176,4822,1556,810,15336,1597,2685,1443,1723,10605,1443,5037,35720,2911,3987,983,837,7058,2446,2202,33,4850,1795,798,3995,8581,2353,1714,4634,7458,743,2705,24914,7310,2250,6698,1143,2824,2438,3299,82,164152,257,4363,2886,1892,77276,350,50371,16173,514,1203,13201,306,1812,34092,27954,11057,1009,1881,3153,1459,60211,2969,20823,5889,2552,8068,2193,3877,30587
0400000US26,26,Michigan,622863,15214,6893,2621,2322,1156,538,411,692,28712,1120,1056,18932,4359,595,3758,10345,227,56,1255,10965,587,1179,988,1234,1074,1012,759,2798,283,11864,9063,7337,6008,7087,1190,37810,1365,4512,9348,20267,209,12860,58102,2915,371,1709,8653,1056,402,996,908,2859,1277,2273,18785,396,2722,12699,49645,2044,3561,1223,19725,4131,4999,12162,1268,316,226,1798,1476,1025,456,3138,490,437,1337,8,1114,1380,4375,638,1436,1528,2127,69,13879,440,190,3187,53,3116,90,1637,3654,40,76,76010,312,457,3267,7381,2022,263,646,1906,208,3578,552,2358,696,718,1684,161,1150,39081
0400000US27,27,Minnesota,418676,6040,3142,1447,604,683,330,780,949,9885,514,279,6221,883,540,371,936,149,20,763,270,2249,555,186,666,397,684,88,37,1235,1559,1025,6331,4407,2650,294,20323,1460,2365,2102,13773,194,940,26720,1705,595,1511,1695,984,188,4832,663,25612,872,5828,8153,241,16395,18591,1554,539,643,215,793,1297,450,136,824,59,1167,16459,8321,25027,1609,1620,624,2281,1031,11,2644,11843,5665,813,2068,1002,1374,78,5535,155,59,943,93,725,29,952,1693,21,51,67407,193,534,5986,5893,3574,705,657,1140,209,1965,1205,4204,5514,2971,1473,136,564,12357
0400000US28,28,Mississippi,69147,1456,822,200,118,181,22,102,45,2454,89,69,1940,150,6,78,300,227,0,134,0,29,35,57,110,38,48,50,0,18,279,120,416,202,198,114,3368,146,360,813,1685,17,216,4197,332,31,223,440,293,0,33,133,165,90,34,3153,30,452,4881,53,44,148,6,78,58,54,458,200,0,0,324,29,54,189,9,197,196,213,0,197,87,429,59,140,186,230,14,2712,131,6,747,27,443,45,99,780,21,68,23935,157,98,971,2259,2145,241,321,183,34,318,121,547,166,95,868,18,314,1560
0400000US29,29,Missouri,237480,5139,2378,941,484,670,103,106,305,11092,373,289,8768,523,198,457,1425,171,5,759,944,957,812,593,526,723,176,120,48,537,1119,1444,4203,2540,10006,230,18059,674,2477,2098,7481,1132,928,16831,1751,239,897,3162,402,924,830,433,1134,423,832,9727,223,1804,11325,2046,613,711,368,723,1985,202,241,540,229,550,2711,2839,1325,77,800,267,972,855,57,775,846,2383,85,1332,597,993,392,6735,269,103,2806,60,746,53,735,1246,16,47,43771,127,225,3759,5631,2411,771,785,829,286,1581,413,1432,486,270,1366,75,1084,5629
0400000US30,30,Montana,20985,1272,739,118,123,62,139,221,115,2833,183,44,1945,371,172,60,116,20,0,63,5,69,24,14,113,99,14,0,0,39,141,153,416,137,36,33,1245,85,61,545,887,0,81,342,59,43,85,90,23,6,28,68,59,46,25,986,5,243,220,32,3,0,4,29,274,0,0,57,0,0,88,72,0,4,69,3,0,126,0,97,25,68,0,45,144,316,2,317,0,0,70,0,22,0,50,99,24,0,2257,41,38,90,88,138,38,91,144,0,86,20,176,21,48,195,0,107,4225
0400000US31,31,Nebraska,123351,1791,1235,217,133,130,95,70,31,2306,50,27,1871,99,33,144,377,79,0,163,35,126,28,70,179,81,189,194,0,0,278,320,615,722,639,25,4555,201,368,772,2226,334,84,4834,484,0,1265,234,84,23,121,205,484,389,2179,1895,23,2233,6928,1569,140,132,26,142,525,354,23,218,0,166,640,651,1316,294,383,78,1545,269,0,70,159,457,27,1056,155,291,9,3794,9,16,2623,0,277,5,333,193,0,30,48588,104,60,4594,7158,1489,312,160,175,64,634,98,579,223,17,560,12,277,1457
0400000US32,32,Nevada,537252,7524,4348,1716,668,833,390,370,377,10056,386,345,6313,858,326,899,2589,342,14,721,150,138,2453,757,699,1504,56,436,163,187,2076,1386,3197,1259,1312,624,21833,1858,3737,4579,10847,591,782,7528,4384,130,483,1419,880,46,1529,976,1715,588,514,75908,258,6130,9191,1341,2263,752,293,1401,319,521,34,674,1393,535,8116,549,382,113,888,582,286,616,0,376,272,438,34,973,1032,1677,337,18777,159,69,14327,115,1833,11,554,1034,0,49,225730,506,992,24377,11544,3302,3365,1034,2499,381,2364,1843,3332,1158,161,4484,309,584,9668
0400000US33,33,New Hampshire,75745,3997,1682,710,607,674,61,111,194,4032,162,75,2427,428,227,1162,701,1103,130,160,259,84,207,51,229,321,61,139,0,29,852,1031,1166,540,1263,83,5241,449,536,505,1866,0,246,6824,242,85,1426,554,94,41,604,819,448,156,60,1907,56,484,1952,417,401,245,61,466,343,45,0,350,14,9,318,463,364,76,242,296,455,344,6,170,60,280,7,334,285,365,12,4657,4,63,213,4,2523,0,915,742,0,6,2602,17,119,822,1040,505,119,175,136,53,2026,191,1187,456,47,320,388,316,9302
0400000US34,34,New Jersey,1929119,26190,11821,6789,2904,7997,1107,1054,1170,37687,2358,1185,22880,2482,1784,9316,42470,32050,90,8756,4257,2606,2995,2510,5338,5126,1240,1759,4417,1716,50548,6810,20683,19080,1359,1707,92344,9669,16602,10020,71300,2063,12628,231975,6235,738,1523,23827,2892,1619,1110,1898,529,2193,1349,87967,1117,2704,19263,1157,8119,4313,1144,4095,1855,5159,378,13277,920,327,1617,5158,0,1189,29205,3807,617,2965,527,12694,5555,14216,2580,6324,2279,2730,326,305923,614,3595,44461,2866,145397,1044,42257,43565,901,1303,124690,1414,12276,44474,43833,30391,6217,3370,11247,2732,29578,6953,78678,79892,21475,57891,8596,6592,14910
0400000US35,35,New Mexico,203704,3173,1551,827,269,346,102,40,179,7045,219,119,5098,597,158,195,564,40,16,473,8,47,70,68,208,262,48,122,26,31,446,346,860,350,45,98,4478,198,1076,1110,1531,290,50,2806,965,34,174,366,110,91,91,322,331,44,77,3852,91,840,3363,861,188,119,20,194,233,71,0,139,30,0,397,133,16,68,216,108,67,439,0,35,0,464,0,331,284,417,4,3261,21,0,2275,0,491,0,49,292,12,18,144493,45,372,1725,2522,1079,268,384,403,233,465,391,805,506,13,479,16,261,3309
0400000US36,36,New York,4422712,61002,28442,25576,4928,29602,2214,2193,4475,95711,6911,4818,47002,5877,5259,31433,101016,11428,60,13753,22708,14700,6847,7566,9173,11331,3573,3401,4936,5592,77143,20232,81098,78944,7967,4399,444503,41499,32324,30148,98803,7235,88207,155340,18378,3859,10076,64094,6076,25657,3827,6108,2455,10565,14239,88269,3153,12429,25279,5315,32324,4841,1389,6861,2444,6493,13019,19280,3010,1167,5031,3537,2037,1439,23513,8254,2367,5640,418,31851,5162,27318,3956,14220,9583,11912,214,1080282,1940,26563,27346,9858,469657,21325,132040,234892,15123,12663,241888,8861,8079,114719,61699,50058,8708,20342,20175,4698,24219,10935,102316,176804,164107,53823,5120,12653,55912
0400000US37,37,North Carolina,757982,18408,9282,2943,1428,1731,559,240,1388,23071,792,806,16052,1662,781,2492,3162,717,57,1710,521,496,1148,587,1132,1310,415,246,20,1771,3216,2409,6065,4366,2173,366,28442,1647,3739,4544,14590,429,1157,50701,3125,741,2678,5884,911,535,2203,1185,6608,1295,3687,16314,459,5699,23729,1470,1358,2107,505,1395,612,594,1301,1978,112,920,2916,2849,1304,620,2934,1884,1937,3178,61,3393,3018,4708,978,4044,1388,1896,48,33762,686,790,6739,213,9370,267,3194,8188,141,447,251065,663,3360,30871,21697,27249,3724,3410,2668,315,4468,1673,13879,5720,2588,6372,1008,4235,17079
0400000US38,38,North Dakota,22827,333,167,30,64,33,15,164,28,823,35,39,685,27,7,33,59,6,2,54,0,0,41,26,37,19,74,3,19,44,140,77,316,203,1081,51,1442,24,48,185,276,0,109,1623,91,1,560,105,264,19,22,90,7,6,0,1184,9,149,589,629,0,105,26,65,24,9,0,63,0,53,206,382,615,97,46,0,276,129,0,274,265,304,83,221,43,60,0,503,19,6,98,0,146,0,7,169,9,0,1435,0,29,23,320,38,27,43,34,18,371,0,349,49,15,89,0,62,2736
0400000US39,39,Ohio,476577,12971,6507,2543,1428,1681,457,206,636,22812,1521,638,16088,1269,679,3584,8879,380,8,1060,2476,1394,1452,3106,1584,3454,756,960,1507,483,5030,6278,9240,9165,3223,1604,38642,1540,5047,7844,12794,336,1055,50629,3752,459,2985,3213,1118,1943,3101,1499,2219,973,1642,12867,512,3096,10886,3247,2101,3139,1625,4486,4605,2537,166,1960,177,1245,4807,4104,9299,1664,3488,1700,679,1363,57,7007,1567,3506,1747,3782,1107,1682,69,13221,215,228,1659,107,3413,33,1020,4722,30,147,47732,88,546,5113,7516,2798,698,814,1111,343,2985,544,3737,1182,1285,2706,225,2203,14789
0400000US40,40,Oklahoma,221901,3679,2036,551,270,217,143,124,75,6611,254,51,5275,395,85,218,511,64,0,333,93,67,117,48,205,169,161,17,64,110,562,327,1260,493,129,67,7749,240,907,1355,4969,18,884,8094,2108,69,627,1427,266,31,533,799,2339,893,2315,4871,142,1785,13861,686,196,403,91,499,1058,301,11,346,16,150,653,1176,5,648,456,506,282,426,7,1059,447,1527,0,363,281,411,12,2599,221,12,944,26,163,95,172,569,0,38,107750,139,218,2700,8406,3239,132,483,145,141,686,233,1142,288,147,1094,49,1487,3924
0400000US41,41,Oregon,388685,11124,5764,1509,1159,1123,617,543,719,14027,517,448,8637,1958,951,381,906,296,21,504,265,440,689,331,983,504,233,234,37,963,1046,4126,5448,8960,1121,80,24218,2192,2915,6116,12249,383,359,12869,3270,961,657,710,277,892,2934,1396,3765,606,727,11763,331,3435,20508,1333,610,439,516,571,1164,569,136,606,281,660,2239,1591,2151,72,749,253,67,1101,0,323,380,759,26,421,1743,2492,1346,3386,2,86,1707,23,376,0,434,455,9,22,152859,78,649,3983,5681,1004,665,424,1218,308,1737,676,1278,709,134,1669,85,773,15094
0400000US42,42,Pennsylvania,800519,22595,10089,4375,2231,4817,608,656,1241,29818,1531,1015,19968,2020,869,6176,19347,2554,9,2075,5546,2527,2061,1194,2765,2404,769,1010,250,1290,14065,4976,15082,19232,3525,692,66869,2809,5897,5580,28787,799,6150,77425,3884,1323,3687,8970,1264,2565,8635,2779,1896,1529,2421,19748,570,3905,34757,2161,3496,1109,509,2398,3139,3820,363,4096,566,689,2871,3206,504,911,4567,3055,1197,2555,69,3945,10366,5617,2954,3690,1922,2581,326,99715,517,1892,5524,521,47462,443,13960,19107,456,685,56828,419,2085,6241,12433,7376,1575,2183,3343,517,7843,2530,11179,8050,4407,6533,837,2719,15050
0400000US44,44,Rhode Island,140582,2178,833,666,195,1021,32,76,276,3028,141,88,1835,156,119,676,2917,15675,2582,411,86,289,186,151,42,126,98,48,18,84,1825,305,1029,401,122,22,5816,570,629,570,1238,96,342,3865,173,61,251,470,108,0,2912,127,1715,240,267,2199,145,649,1578,328,169,105,61,511,509,550,0,375,472,35,69,127,0,5,455,257,0,249,7480,677,2841,1452,81,1215,195,276,99,28143,36,99,213,182,23490,8,2407,1042,7,30,3391,13,65,2300,16400,758,116,227,315,1879,1656,149,4892,508,159,890,118,528,2581
0400000US45,45,South Carolina,228408,8918,4770,1512,702,801,257,170,502,12075,425,319,8995,478,329,1247,1235,456,10,869,298,406,639,120,390,378,123,432,63,245,1095,899,2666,2706,148,85,8840,361,931,2406,4641,2,537,10683,710,258,232,834,137,344,848,161,1238,124,727,8834,101,1799,4893,565,852,220,89,520,405,360,28,485,39,65,457,511,8,221,1078,459,123,980,13,385,327,1433,239,510,582,772,70,10692,299,313,2036,6,1548,80,793,3665,177,189,71162,314,1298,3029,7300,5567,1013,1333,1144,271,2940,572,7932,1090,314,1885,460,1242,8044
0400000US46,46,South Dakota,25430,428,159,37,47,5,28,26,9,955,37,27,643,142,69,30,132,7,0,54,30,26,12,218,8,88,59,0,0,5,38,55,303,636,412,0,1079,50,17,181,750,145,102,836,16,48,850,114,20,11,66,48,214,19,1120,1214,8,781,405,145,12,21,0,0,52,21,6,0,22,335,1604,351,251,0,63,47,488,151,0,21,358,35,0,366,47,72,10,476,0,1,114,6,110,0,79,121,10,0,3250,17,0,522,1629,174,140,9,20,29,77,9,77,30,6,417,0,90,1076
0400000US47,47,Tennessee,314975,6889,3765,1020,456,622,162,324,369,10732,261,337,8051,839,210,405,853,384,0,526,266,191,207,208,653,513,242,151,11,332,846,1632,2732,1542,858,382,12128,369,1901,3535,8134,218,1537,20126,2646,209,1112,1980,228,426,1453,332,4532,659,703,8368,140,1602,8635,4770,596,862,480,723,1387,575,785,775,168,484,3559,1810,2007,214,7538,438,1461,1178,0,1197,1199,3376,359,1152,1063,1427,65,10647,606,98,4549,124,1105,60,1445,1623,105,34,92949,405,814,7762,12291,8165,824,1320,1131,309,1405,1027,2963,709,581,1620,92,1489,9495
0400000US48,48,Texas,4399080,48273,22049,9778,4333,3302,1428,1800,2396,56501,1470,2186,36676,4679,1589,2790,6593,1730,45,6418,1406,846,2447,1432,1959,2946,460,492,530,473,6974,6228,14742,6064,4169,849,121720,8655,27503,13540,54205,2642,11177,199186,25432,1385,12325,49151,3903,1355,8612,6711,8698,5655,11935,92517,3273,15701,164528,12965,4123,6273,3529,7231,7295,4057,186,6405,333,2881,16733,13730,3600,6110,7255,3073,3905,8759,75,6131,3767,52763,2349,12274,5606,7216,343,73849,1118,950,30316,1451,7660,1267,3758,12043,323,1197,2518225,4526,4505,184894,64634,89909,16770,9012,11631,4509,15287,4606,39994,8032,4148,18851,1458,23113,48168
0400000US49,49,Utah,242766,5501,3047,1107,584,196,443,258,440,7775,173,165,4421,1381,528,287,910,224,26,1027,184,135,241,375,242,110,14,61,0,121,652,439,1519,840,2262,106,8048,487,1567,2447,4438,369,274,5473,1327,110,1595,619,94,287,1386,409,1573,276,1145,5019,85,1841,6549,1359,230,51,60,379,814,138,36,256,381,34,662,609,1043,41,123,131,629,819,0,418,152,339,178,708,1308,2127,159,2901,38,6,702,9,1027,0,369,328,84,170,102780,8,362,7083,4515,1862,958,252,4247,655,2851,3111,2555,1539,70,5577,647,1991,8439
0400000US50,50,Vermont,26656,1719,874,380,127,147,73,65,115,2575,133,37,1540,333,149,103,216,84,20,100,27,50,36,76,202,123,46,38,12,152,347,167,433,167,903,28,1380,29,158,262,801,6,28,702,99,13,512,42,13,46,40,46,144,52,139,588,11,273,816,219,59,30,10,94,144,0,0,87,11,0,120,387,265,115,99,11,24,131,2,133,0,40,12,59,159,200,0,552,0,12,83,0,53,3,79,175,0,19,869,10,25,37,215,147,19,10,62,79,224,77,299,31,153,116,21,45,5149
0400000US51,51,Virginia,966601,20776,9280,4779,1778,2266,831,692,874,28505,1156,1062,18374,2395,713,2885,4534,1546,68,2900,943,795,2565,789,1317,1543,404,588,76,517,3043,3268,8631,4486,2539,623,45516,3226,6841,7658,53004,10880,8495,76081,15118,826,7327,23660,1678,849,4352,2013,2298,1729,1464,53768,677,7680,44772,7019,1730,2240,876,3618,5294,1575,543,4557,334,2670,22731,2881,2374,2528,7705,6016,3755,2299,100,13965,2077,4599,5376,3253,2263,2850,269,33163,480,733,6556,582,5439,414,3530,8726,131,693,59560,385,2359,95253,26536,28939,3959,4132,5355,26977,5881,2640,11206,4072,2247,25306,1646,4904,15265
0400000US53,53,Washington,937563,21111,10689,4363,1776,2044,1352,2461,2162,29684,1699,602,18173,3591,1226,1222,2412,439,30,1389,261,3282,2254,634,1849,1329,877,535,102,5282,4125,7739,18825,33319,3262,413,72238,9105,12572,17521,45684,1106,721,57181,7196,2097,2172,3353,777,1283,13347,4540,6881,2087,1767,63022,1302,7604,55872,3513,2110,503,342,1414,1897,763,466,1818,718,2431,14991,4912,7767,251,2485,716,929,2419,19,1322,952,1795,137,1934,3326,4956,3269,6520,37,141,1545,46,1224,17,935,1323,16,104,232010,425,389,10408,10635,3879,1532,1447,1660,445,3768,1590,3714,1091,400,3673,323,1565,44871
0400000US54,54,West Virginia,28365,1174,541,243,125,200,38,17,62,1711,61,48,1284,39,36,118,456,59,0,182,0,7,115,9,68,69,0,0,0,8,232,84,631,51,118,0,2671,34,251,539,824,41,13,2295,825,68,307,299,40,0,0,53,51,120,51,1598,35,337,1001,12,77,83,17,168,691,114,11,128,0,0,201,21,0,21,148,53,33,81,0,90,101,417,0,74,185,203,4,1213,55,3,348,70,129,12,126,381,5,0,2686,24,23,433,326,388,74,52,135,55,175,111,397,71,94,688,24,75,1250
0400000US55,55,Wisconsin,273383,5515,3140,1315,401,538,639,301,494,15191,900,306,10768,1247,653,1022,2189,62,2,532,1464,480,546,965,623,1040,553,358,745,138,3996,947,3260,2326,1135,745,15339,786,1576,1707,6526,187,203,19094,770,85,904,2394,442,142,680,445,16683,652,1477,6449,266,9449,3433,1074,451,695,270,417,1115,244,37,590,37,155,822,738,1297,304,752,275,218,508,0,440,439,1536,115,968,652,1043,52,4170,91,59,771,13,1060,37,204,1365,13,19,91785,118,404,1338,2461,1879,1290,580,959,200,1130,721,1829,571,125,990,366,727,6818
0400000US56,56,Wyoming,20605,755,434,122,77,108,27,7,1,1010,82,2,690,33,81,51,117,6,0,83,21,12,28,10,32,90,0,0,7,62,53,46,127,154,0,2,905,17,33,145,381,0,3,343,171,38,145,73,62,12,39,102,3,0,9,920,40,214,184,2,0,0,8,37,50,23,0,10,0,0,125,301,54,17,95,0,1,12,0,188,0,39,0,2,185,304,0,280,1,0,31,0,3,0,93,51,0,0,9491,0,0,286,597,109,36,18,24,6,114,223,100,19,0,61,0,173,1003
,,TotalCountry,,4696,332837,167945,62114,127265,28488,26031,46984,963859,46094,33272,591307,83662,39159,136759,356909,179507,23621,100686,82818,54537,66380,40518,68393,71004,22685,35564,25259,39603,434206,160318,388836,341837,114944,34547,2444610,224399,369401,337524,1078555,66808,200692,2114754,368998,26047,95270,339358,47698,55177,163626,94228,192723,64822,121186,1902486,32575,241549,1291135,192398,130265,67934,26890,118210,79210,76522,41148,108978,84949,32754,199676,112857,83844,44401,169638,66491,40864,91086,36507,145218,77064,258540,37595,111129,80499,110605,42210,3958109,32910,52721,1146335,29191,979779,32142,615300,708493,22871,30246,11621581,48815,82885,1276108,893862,547629,252818,104626,179684,78008,336763,96207,690756,430958,269686,438714,46943,212995,818713
